-2.861025683795668684e+01
-3.831480439716995079e+01
-4.909231970431393677e+01
-3.724677657784260276e+01
-2.322746189276374551e+01
-4.974969322380081849e+01
-4.269864525244359754e+01
-3.401707837958792879e+01
-4.480759334957652129e+01
-2.193739096879417261e+01
-3.272804678594242489e+01
-4.849154686391697311e+01
-3.395183969152058268e+01
-3.235889885018842449e+01
-4.002110233224111369e+01
-4.412471228823977043e+01
-4.869164728451862345e+01
-2.994241501895335844e+01
-4.193311400680241263e+01
-3.888361379293848330e+01
-3.815244148050369688e+01
-5.547556482328548810e+01
-3.931136339850340278e+01
-4.786504647158722747e+01
-3.619974850236626907e+01
-4.308980859717620149e+01
-5.029064686375567561e+01
-4.293319872412592275e+01
-4.695331883788469440e+01
-3.352268094201525628e+01
-4.109034125017468853e+01
-3.112207957241645317e+01
-4.153726771712322829e+01
-4.443486449615265599e+01
-3.669090441319922036e+01
-4.572771044909784877e+01
-3.164820892693236942e+01
-3.246822194103596360e+01
-4.445805089439575397e+01
-3.907026017830460063e+01
-4.874481897786869666e+01
-6.778619691805577929e+01
-2.687086681622717066e+01
-3.509363634404689236e+01
-4.799101502837685018e+01
-3.464520193236007373e+01
-4.620628373039316727e+01
-4.534860582291138087e+01
-4.206923488739408867e+01
-4.912181209382187319e+01
-6.202163492735240879e+01
-2.416664437826682743e+01
-3.456209559222316585e+01
-3.703310097035028292e+01
-4.301654226363666567e+01
-3.936569362389067095e+01
-4.230157295818944618e+01
-4.627546010984848124e+01
-4.617829640631783406e+01
-4.538230961793868090e+01
-6.740730117336585181e+01
-2.337840100109825059e+01
-3.706057125318807266e+01
-3.562785884652399204e+01
-4.050943075726266329e+01
-2.860778182400932579e+01
-5.050721562293166045e+01
-5.112200504594699879e+01
-2.878661580015074506e+01
-2.607118129461238354e+01
-5.099667175303154210e+01
-4.265511478868214112e+01
-3.668363407193518810e+01
-3.946227497012149854e+01
-3.398955981035184948e+01
-3.715525604294719386e+01
-5.571310135515610540e+01
-4.115268272735102784e+01
-2.336576487246609091e+01
-2.834548764141184662e+01
