-6.844650216426706457e-01 1.325172192940485827e+00 -1.944103371310561545e+00
-1.984453475191786942e-01 -9.277907888687170201e-02 -1.248487725588250719e+00
4.597847360405197037e+00 1.788982020832393660e+00 1.083558142628570975e+00
3.399397611363322191e+00 1.432013597810898986e+00 8.377956027341311174e-01
-2.515830169938893857e+00 -1.885179778091637059e+00 8.977086609247817428e-01
2.365888453240798384e-02 -2.663676156468277156e+00 7.725816167844997695e-01
-3.114792585915117762e+00 2.970547295222532913e+00 1.428812702376280441e+00
-2.428341969178457127e+00 1.598656772287251782e+00 7.901969278661699070e-01
-1.441208710332803067e-01 -4.556486675001079512e+00 1.444388802418614226e+00
2.858403879453972340e+00 9.183599520770987512e-01 1.041803714902426181e+00
8.370979142876610046e-01 -4.167093810775798879e+00 1.418032401833663414e+00
-1.843100916825137769e+00 -1.004594287550885312e+00 1.688749477535145704e+00
-9.341826231867449426e-01 -4.278011933612885009e+00 8.553827211716205081e-01
-8.588453808456766314e-01 4.202194939204050961e+00 3.369563785234219733e-01
1.856923729459824646e+00 -4.289078188904091871e-01 -1.127614182027944612e+00
3.003175723639719852e+00 3.352442545490792458e+00 1.382322685321036193e+00
3.016283833151459648e-01 -2.354085973844664892e+00 1.515048892293902494e+00
1.729000003484179926e+00 1.921472552714656779e+00 8.096097158311896802e-01
3.148365885145945509e+00 -1.289131820283473617e+00 1.082948495574893588e+00
-2.662908318612630332e+00 -2.759842841519568601e+00 7.409391854027281843e-01
1.605760401979536844e+00 -3.713184875234178506e+00 3.657377139761542884e-01
2.114951441070344718e+00 -1.489207709338061791e-01 4.394159900603757940e-01
-1.001860333881430920e+00 1.261263017780434259e+00 -1.768136453261198504e+00
4.005112767647291072e+00 -4.144982078813528759e+00 1.665160865133573642e+00
-9.424549610575314040e-02 7.959142601756498125e-01 -6.780663436289080526e-01
2.089451466960150050e+00 3.503996639105173116e+00 9.750832890498913885e-01
-3.274089083455671290e+00 -7.990765558588551754e-01 1.489085684255853526e+00
2.952909430300379334e+00 -1.281760319273279380e+00 3.653253414612694927e-01
-1.650207391606852037e+00 6.627663945338220230e-01 -8.146541790638088809e-01
-8.859974217553835407e-01 -4.059567362039904759e-01 -9.785870291727900572e-01
-4.579169095167765491e+00 -2.756959076644818651e+00 7.679278008953354107e-01
2.886154858471845053e+00 -4.215689455556416720e-01 1.492244933824580233e+00
-2.565920226017640804e+00 -2.778237179406709778e+00 -3.966722727048923591e-01
8.053278419670459876e-01 2.784143408924391494e+00 5.350423000299491250e-01
-1.958675563328461822e+00 1.212251978617775894e+00 6.929557830304143851e-01
-1.025312643922769107e+00 -8.104553220638621713e-01 -1.786656898250513770e-01
-2.180981593190450818e-01 -3.725060243486934208e+00 1.533163219495019547e+00
-1.404702629993632268e+00 -2.909704859189487625e+00 8.212436851982370944e-01
-1.155339553375269501e+00 2.020939173424633584e+00 9.452522011181621053e-01
3.814498495889877994e+00 -4.047277890910462084e+00 1.360865375857616133e+00
-2.031270566779246778e+00 -3.083143725202791341e+00 8.702805055140867552e-01
3.849535727610776670e-01 1.519603946449868737e+00 -1.372085201636467300e+00
-3.428812671172167370e+00 2.748281458513682218e-01 7.723707309038941871e-01
-1.298416264535599440e+00 1.233903724344523667e+00 -8.447169255136232069e-01
-3.154169481562905109e+00 1.824396455266880324e+00 1.743881861800431921e+00
1.491083816650061511e+00 2.506894400398250955e+00 6.074327511819095360e-01
-2.756179905129310548e+00 2.475386286613307618e+00 1.609439879054822331e+00
-2.509719965648542050e+00 -9.410739846079021476e-01 1.284351805717755202e+00
7.853466621141885762e-01 2.448837212397912744e+00 9.336121489695017317e-01
-8.477488747929328161e-01 -1.676232945755638859e+00 -8.218400757613562035e-01
-3.621725483922206834e+00 4.182672872168345712e+00 1.981172444112716313e+00
-3.335942328985829430e+00 2.263575236642635602e+00 1.365550081843915020e+00
1.514919758391616300e-01 1.755199198759983981e+00 -1.664603942754294907e+00
2.692281605083054696e+00 4.103357397896483683e+00 9.699427169733443321e-01
3.285106631446232939e-01 -1.786476257671788304e+00 9.403399796890754558e-02
-6.769052212872719299e-01 2.441831210524052942e+00 1.375195329868213800e+00
2.605740436260314929e+00 -1.342688872440745973e+00 7.715259346999445711e-01
-5.607435043562388755e-01 1.717314710140060985e+00 -3.684881516361022680e-01
-5.669819302485912260e-02 -2.796441903710861432e+00 1.355599709150918208e+00
8.172608256764568591e-01 -3.459589845509750905e+00 1.174251378721418382e+00
1.655764100531952110e+00 -1.700097526873904252e+00 1.300890912206064565e+00
-2.791174746948882124e+00 -2.069128059530549013e+00 2.488003309389985152e+00
-1.173688486529358421e+00 7.461963164455724939e-01 -1.639381181283132261e+00
-6.673162354469578395e-01 3.973199070812665656e+00 1.363944777974476219e+00
9.789257075807105135e-01 1.526837612233651331e+00 1.418395657075870453e-01
1.265085354893304981e+00 -1.259705482335977678e-01 -1.243486002153846304e+00
3.763468435028831660e+00 -2.693546286929176858e+00 1.388658346967074353e-01
-2.658337146958418717e+00 -2.405708193359475278e+00 7.303767108201568714e-01
2.934550461536525212e+00 4.181274896802347207e+00 6.987071178992186882e-01
-2.718154225710881278e+00 -1.041385077750927035e+00 6.251207919322705475e-01
-1.045883169529177703e+00 1.469571037606257402e+00 -1.290306863675358295e+00
4.711054747782605912e-03 -1.076379072111799395e+00 -1.696531644926888571e-01
-2.702545985301473053e+00 -2.174300336611762585e+00 1.434061059576354769e+00
-1.576214883075890416e+00 -4.480861637561617705e+00 1.010034188075431105e+00
-2.055871459459373440e+00 -1.662612006454375457e+00 1.585496137280145490e+00
-1.334886215785945573e+00 4.598681229189275910e-01 -1.037504259669195683e+00
-3.800576159752655503e+00 3.077874556557806063e+00 1.846939591506103984e+00
-2.295846084426496514e+00 4.346857173965908316e+00 2.769095507088246144e-01
-2.324392936135987853e+00 2.246828157590211816e+00 8.561396182113647502e-01
-4.026615841671073781e+00 1.582612430818010951e+00 1.237821380162386520e+00
-7.191774556411238972e-01 -8.882742018918603488e-01 -8.848055808068296946e-01
3.448554659929968125e+00 -4.080140852599079548e-01 1.126768268215528446e+00
-3.257673831318289359e+00 2.131014390197904174e+00 9.974980807034916630e-01
3.309588817590418675e-01 -3.091365151203192552e-01 -1.013130520208847640e+00
-1.185331090163733947e+00 -2.128914843017185810e+00 8.475066178057337751e-01
-2.238886761349364818e+00 -1.679688385650457638e+00 7.899553529604864677e-01
-3.907800245639200032e+00 -8.290631371931823645e-01 6.198282530278016456e-01
-1.731384488817550249e+00 2.381065501689222152e+00 1.612484836683091061e+00
7.196591992521750303e-02 4.047442858953803624e-02 -1.203272337588852992e+00
-1.910979784108734147e+00 -7.596190931236007637e-01 9.201188398226932685e-01
4.110749025504177645e+00 -2.802625426457721503e+00 2.115639089527415750e-01
3.761799976073099128e+00 -1.195802367941891431e+00 8.078164346359197889e-01
5.135352602901981367e-01 1.194158942636276199e+00 -6.611152919512728321e-01
-1.162578888164401691e+00 7.156838773412952381e-01 -1.347992191490283709e+00
-3.458188079570474027e+00 -1.510054156675398218e+00 2.075009607525102329e-01
2.670670080845826355e+00 2.063748149845226365e+00 4.817951827889436212e-01
-3.661855904003641804e+00 -2.718985445087805264e+00 1.446384329589469164e+00
2.175488594466371772e+00 1.946183805274371403e+00 7.556083754731730551e-01
-1.311908617155775669e+00 -3.317761947691633129e-01 -8.978339744665631006e-01
8.059562747692380347e-01 3.757938358614490992e-01 -1.852709111017327492e+00
-1.877368296101531220e+00 -1.087292022838323824e+00 1.547228213142978870e+00
-4.097326076580044329e+00 -1.899953548977086015e+00 1.262497524123550319e+00
-1.961746156226831461e+00 4.611924189665446150e+00 5.121183813000869112e-01
-2.552639859863910843e+00 1.102100604837205622e-02 1.657213466258450119e+00
1.113389414903163344e+00 -3.340054468777225338e+00 8.188703707467920312e-01
1.170281556790138122e-01 -1.316560006842716124e+00 -5.521942376230799532e-01
-3.682905137517526128e+00 -2.251579475058666624e+00 1.725171518345925303e+00
2.182235572180684535e+00 -6.160306885409426725e-01 9.464491024540903075e-01
3.139753838681486608e-01 -3.828391839451060541e+00 1.154544190882047960e+00
-4.190211875772993366e+00 -2.944102175381649644e+00 1.176537700414302723e+00
1.369504048037399446e+00 -1.407367551121349258e+00 -1.105877697576152396e+00
2.274406203309070840e+00 -2.182954988028672272e+00 1.557111573186771736e+00
1.442872730971522244e-01 1.420981061293395520e+00 -1.468656524759174520e+00
-9.005397267193915312e-01 -2.789751323798985272e+00 1.238256940138117823e+00
-1.845953036901224253e+00 -2.448700645932730402e-02 -1.166495090549678704e+00
-3.060775564092802714e+00 -3.012430399149188975e+00 9.265658318421836626e-01
3.128038535495767380e+00 -3.194081963400760671e+00 -1.038175295328569447e-02
-4.260063495431262837e+00 -1.686447773246810389e+00 6.634758668047340269e-01
2.226259363623544374e+00 -6.979167865722225583e-01 4.204629273320357186e-01
-4.689888143338169502e-01 3.574371064118032626e-01 -1.986574617141673160e+00
2.268061979085053803e+00 3.429777076933261393e-01 1.502491137519530451e+00
-1.319836682119345905e+00 -4.043837043590728264e+00 1.338371448846921385e+00
8.907180024194590873e-01 1.282005712214586701e-01 -1.812925164218248009e+00
1.638640856964259651e+00 -9.037019306588652823e-01 -7.076622722914890362e-01
5.426372500656941877e-01 1.296101837579958227e+00 -1.234825297822286894e+00
-2.512375284591083169e+00 -2.166835047635086831e+00 1.192368078034941492e+00
-3.180212296401656147e+00 1.476625327166667945e-01 1.306205913016275089e-01
4.525500394067778487e-01 1.774893847020209137e-01 -9.322861748605406618e-01
2.720576658859432229e+00 7.808592124769621057e-01 8.650766330103846213e-01
-1.361722959545664802e+00 3.189995060540339544e+00 1.308233727877898822e+00
-9.406941069242124032e-01 -2.601419791927044312e-01 -7.116429175542371421e-01
2.551604540104675412e+00 -3.512677132730858354e+00 1.428821627887527868e+00
1.349788984185783081e+00 9.608956495658034225e-01 -6.778776332090901136e-01
-2.570370086873007942e+00 -2.761588089346709296e+00 3.729460983455055167e-01
2.461621016490741720e+00 -3.377935106859342618e+00 1.104355268365151188e+00
7.083554649040475493e-01 3.216006939907599005e+00 1.318758627249624782e+00
-2.927405944150437200e+00 2.305092517683736020e+00 4.685228581817445503e-01
1.674816733737985341e+00 2.419448450294581221e+00 1.770982497682428658e+00
1.864408804447110324e+00 -6.574183661000346790e-01 -9.662129598755736515e-01
-3.586619094049701584e+00 -1.608411454153929609e-01 1.650287624997911262e+00
-1.449108483623959831e+00 2.091229342694102655e+00 6.461413107525476596e-01
3.084390814783808943e-01 2.638951183102262732e+00 3.903381390495377357e-01
1.967047199486212650e-01 -5.699818099651317027e-01 -7.720106223773312015e-01
2.511574387876755132e+00 -2.380550551015146343e+00 1.479532529831258714e+00
-2.419721120948262083e+00 3.726934168536944814e+00 1.621289651608847748e+00
-2.798940299794919984e+00 1.240281404881349747e+00 1.272409904923755830e+00
8.426012365315753705e-01 1.908954388976867644e+00 1.606132692661951467e+00
-5.036696442859111222e+00 4.328145474109369673e+00 1.556685213905060872e+00
-4.437569737051396679e-01 -7.239143318331058286e-01 -9.378267303304328451e-01
-2.499374170065965295e+00 -1.113615549167937813e+00 4.363699682455096651e-01
-1.511985024580198900e+00 3.879701133346896480e+00 3.939449045386678172e-01
-6.325657445876134988e-01 -1.642424460543714604e+00 -5.773953841026937539e-01
-8.825834403815475682e-01 -1.902998810228255788e+00 5.819539237498101425e-01
2.351131975990326417e+00 -3.237003458644700071e+00 1.281899556733193668e-01
3.302695305422742589e+00 -1.203136104077483282e+00 4.169880940673633685e-01
-6.690308175365576870e-01 1.417352037107249663e+00 -5.486761663152448509e-01
2.349924953877408740e+00 -5.196744952615596214e-01 1.452093221560683656e+00
2.445799232354442410e+00 -6.096729709942292352e-01 1.094373310135120292e+00
3.835522897108722518e+00 -2.043579690683085204e+00 8.148454182545415980e-01
2.666599455415367803e+00 3.149817702494407401e-01 6.379626687007262653e-01
-3.573990980971192055e+00 2.966819522328473901e+00 5.339717265432630811e-01
-2.493271923785641331e+00 -7.334937661446272461e-01 7.242688630519668047e-01
2.356813551618099023e+00 2.768151579778560301e+00 4.819073141399765614e-01
2.538848377692141334e+00 1.447175509026846330e+00 9.870135757831359768e-01
-2.807932731371436841e+00 -2.824045140643922203e+00 7.349010405685107994e-01
7.520652848156950121e-02 -3.438384185601030207e+00 1.188729238282893341e+00
2.110499504504749879e+00 -1.653844763681903807e+00 1.941213131482931509e+00
1.110764203506102055e+00 2.718817069224728655e+00 1.296000537487557835e+00
9.624435922478835614e-01 -2.341446690870215619e+00 4.764719165138269208e-01
4.158494566126539338e-01 2.638898314259439992e+00 5.825778938498469284e-01
1.292276404260458422e+00 3.939175650199620016e+00 7.781455643704402458e-01
-1.498153888384020416e+00 3.875384887128425326e+00 1.061126313110674513e+00
1.970564063255905607e+00 -4.063103815903797988e-01 6.219290356027964428e-01
2.051987390224302210e+00 1.809095283861023695e+00 4.253689794830988191e-01
7.911173405831518624e-01 1.145844964615647443e+00 -9.420993638743019316e-01
-1.388450865884854224e+00 -2.499012932900379624e+00 1.231944510247100721e+00
3.519288683140833207e+00 6.801440881797111704e-01 1.445450836123663763e+00
-1.707847270376017690e+00 3.158536875275103739e+00 1.936277274849269148e+00
2.508807459384685856e+00 -2.501447905976834640e+00 4.873232557319303604e-01
-2.127115321621468436e+00 2.142161651761975705e+00 1.704555268886177366e+00
1.646985954330053570e+00 -2.200846921900910580e+00 -4.641550880093883169e-01
-7.165778990571508578e-01 -3.082187988950331192e+00 1.013870345762818204e+00
-2.708057642936182230e+00 -9.564201618739563981e-01 1.395503375779534094e+00
3.063943761505675489e+00 3.500601818217798478e+00 8.186510613416040361e-01
-8.654819820799151131e-01 3.075602255556666886e+00 1.414704722131287173e+00
-1.056694477029402668e+00 1.014541468584373662e+00 -7.463308405814117474e-01
9.948196318789144232e-01 -2.614579337084316002e+00 8.419929534048953279e-01
-2.269719337338741649e+00 -2.303934276005328741e+00 6.421771894365091438e-01
-1.395146345385151587e+00 3.818128714735222307e+00 -1.740023104502206319e-01
-3.093463943143903272e+00 -2.443019534058843423e+00 1.841457120372892220e+00
9.208558170114182762e-01 3.994140156711450285e+00 8.291277480148938617e-01
-1.579591365833740157e+00 2.369771605322413266e-01 -1.893957305262164770e+00
-2.293242395930933597e+00 3.698894729461403408e+00 1.250368937265804448e+00
2.229485953087635863e+00 -2.127856428106035036e+00 5.566019670079871418e-01
-2.092585845183542848e+00 6.550640291985453390e-01 2.079521364479369749e-01
3.199679234028402153e+00 4.087762790327299278e+00 1.124718954289783523e+00
4.546541327794912490e+00 -1.692315690523515492e+00 1.138768663983013241e+00
8.131133004127815145e-01 -3.588067466219498680e+00 2.514704248693581112e-01
1.046685383091057187e+00 -2.256236619548950717e+00 7.337650545233784793e-01
3.347009246814009131e+00 3.838556439283656196e+00 7.578645134291495111e-01
